100   5   0.1   50   0.9500000000000003
100   5   0.1   100   0.9500000000000003
100   10   0.1   50   0.9100000000000005
100   10   0.1   100   0.9000000000000005
100   50   0.1   50   0.6400000000000005
100   50   0.1   100   0.5800000000000004
1000   10   0.1   50   0.9899999999999707
1000   10   0.1   100   0.9909999999999678
1000   100   0.1   50   0.9079999999999758
1000   100   0.1   100   0.904999999999976
1000   500   0.1   50   0.6169999999999898
1000   500   0.1   100   0.6059999999999902
